0.275
0.28
0.254
0.411
0.275
0.744
0.287
0.34
0.417
0.316
0.466
0.35
0.078
0.711
0.584
0.155
0.238
0.319
0.573
0.21
0.477
0.21
0.466
0.517
0.887
0.578
0.487
0.681
0.114
0.268
0.231
0.96
0.162
0.303
0.705
0.365
0.0653
0.207
0.749
0.806
0.446
0.083
0.162
0.911
0.681
0.161
0.295
0.526
0.377
0.35
0.118
0.0933
0.417
0.251
0.961
0.214
0.523
0.519
0.809
0.748
0.28
0.235
0.806
0.0933
0.298
0.292
0.283
0.489
0.489
0.489
0.489
0.302
0.31
0.415
0.31
0.355
0.152
0.137
0.497
0.709
0.401
0.745
0.964
0.358
0.676
0.535
0.723
0.564
0.495
0.0408
0.185
0.154
0.595
0.383
0.878
0.203
0.161
0.5
0.0889
0.921
0.231
0.478
0.264
0.102
0.35
0.519
0.34
0.137
0.137
0.158
0.592
0.235
0.14
0.155
0.601
0.353
0.264
0.601
0.283
